# Xa Ya Xb Yb
2.945947287422134853e+00 -2.228171539368907494e-01 1.627554172841401936e+01 2.158124438886395158e-01
2.769573646378947540e+00 -6.687063150399297218e-04 1.625996674426261634e+01 4.990349957878710274e-01
2.812306090651463641e+00 -8.792921427595098982e-02 1.624441814851663324e+01 4.031251463800658019e-01
3.001832892996835866e+00 2.413104815615439436e-01 1.658935176472778750e+01 5.623105305393050202e-01
2.788271865271148897e+00 1.411655330201875003e-01 1.635718706016658430e+01 6.039863417205260099e-01
2.836025716369180660e+00 6.285014021457191458e-02 1.635090562627946653e+01 5.124752788192974418e-01
2.915334725227039847e+00 4.875993837960835853e-01 1.666107727849506759e+01 8.132997874134706429e-01
2.772411786386094867e+00 6.959937106494571424e-01 1.666485474627273433e+01 1.065967341026497595e+00
2.882271907163963309e+00 9.281080676753390435e-01 1.688864477142658060e+01 1.191921084585422452e+00
3.216737672448904739e+00 8.542077567964740936e-01 1.711891099698488716e+01 9.383346703934036803e-01
3.195458770807391158e+00 8.588153002365526145e-01 1.710420698958615660e+01 9.543912353448344987e-01
2.897656101242247928e+00 3.093413463267731256e-01 1.654364132286090694e+01 6.780324299590696491e-01
3.042098264066748214e+00 1.046818138772005025e+00 1.708768258885482894e+01 1.196447957014786567e+00
2.858497335723385380e+00 6.709790268707781502e-01 1.672065747330654517e+01 9.958067262569534339e-01
2.995726943932067066e+00 1.185038349515465939e+00 1.712970881401327716e+01 1.336050687603880460e+00
2.796669460896914039e+00 1.238275646957512688e+00 1.699801409775000494e+01 1.494526531503066691e+00
3.152754481303309930e+00 1.192455246694300364e+00 1.726215080052372386e+01 1.251364336485148332e+00
3.088447062251576281e+00 8.975855691049468010e-01 1.703927440712005392e+01 1.047870640833128864e+00
3.109834712333742424e+00 1.740633789862193304e+00 1.754389151440311423e+01 1.723554967375688696e+00
2.963948669825456683e+00 1.545661518357813957e+00 1.731216221761189189e+01 1.648732129532198831e+00
2.920370243901655449e+00 1.366664560761960301e+00 1.717316146941073995e+01 1.527828109606938600e+00
2.667355852981289743e+00 1.452093210195860573e+00 1.701603251056555877e+01 1.743755936551806940e+00
2.944813921835907955e+00 1.300525143815050910e+00 1.715489170745764369e+01 1.459724279588298312e+00
2.844327895987615484e+00 1.967013432517725979e+00 1.745801662367424356e+01 2.061737041527183401e+00
2.825170051282150041e+00 1.702685939682987204e+00 1.728963752939646525e+01 1.857079945162917411e+00
2.689508711193808743e+00 1.732434706447402828e+00 1.719610976192054608e+01 1.959751971682015981e+00
2.736648573426633479e+00 1.740683139216097297e+00 1.723934879524455610e+01 1.939243698920170678e+00
2.983459361551101363e+00 1.987392892764984209e+00 1.758334346916824487e+01 1.997971306933003843e+00
3.088928776461191017e+00 1.064410882151011428e+00 1.713606883127802760e+01 1.183744687558112574e+00
2.929132374474720635e+00 1.530597569870982166e+00 1.727504251274238811e+01 1.656556736638275185e+00
2.646126600391372818e+00 1.895245655897690895e+00 1.725478553903062107e+01 2.117696791094074715e+00
2.969287508181446711e+00 2.194146376433395940e+00 1.769125136381780905e+01 2.174899910356119292e+00
2.737820003540444080e+00 1.792513909324484844e+00 1.727025564907939170e+01 1.980867818905730937e+00
2.635189281038905929e+00 2.365910120017419072e+00 1.751783623069032103e+01 2.508143965955259791e+00
2.855234643628623559e+00 2.120012232119111051e+00 1.755532955328077094e+01 2.180302565837432205e+00
2.980546440913220962e+00 2.231429542686531153e+00 1.772198456392492716e+01 2.198822043691034178e+00
2.767863720624613943e+00 3.015138357656897306e+00 1.800127831516407895e+01 2.961336598758923078e+00
2.452750958819424731e+00 2.597968067639035539e+00 1.750303791238778572e+01 2.802958555560375764e+00
2.683566645655894423e+00 2.734218351871426034e+00 1.777014853636330827e+01 2.780778929715766346e+00
2.508887376705557504e+00 2.588658718530657321e+00 1.754347347483678377e+01 2.762921988732768508e+00
2.591057264605072685e+00 2.724740293857319084e+00 1.768917118496488072e+01 2.826500781456709355e+00
2.770084004623645679e+00 2.360456424920101881e+00 1.762477742601825526e+01 2.425743055868955889e+00
2.909566077890905156e+00 2.706725166066781263e+00 1.793870802131126752e+01 2.627745212286193066e+00
2.535139395387203010e+00 3.201200656100608999e+00 1.791886076297780406e+01 3.247670560333493661e+00
2.530897167673571868e+00 3.425654860021585257e+00 1.804510109453569555e+01 3.433307477033613164e+00
2.549792730648436923e+00 3.452740069175083359e+00 1.807617386838257900e+01 3.444493789226921621e+00
2.986347468839103403e+00 2.538693864394019784e+00 1.790427403187604227e+01 2.446239838510766429e+00
2.572711550529716895e+00 3.113663927675711651e+00 1.789894104519601825e+01 3.154517189439675295e+00
2.855677177311119586e+00 3.798272359208275439e+00 1.852548613179124004e+01 3.549738020025129615e+00
2.562855156321507621e+00 3.748622322071931912e+00 1.825781242074821265e+01 3.678426195785517550e+00
2.130947528004313973e+00 3.950351185705322177e+00 1.802188693174495526e+01 4.092645820453369332e+00
2.736524945428102207e+00 4.031955847864994169e+00 1.856327730202238158e+01 3.809308924954861286e+00
2.635773728282267303e+00 3.179779034989048458e+00 1.798861357782013570e+01 3.172035253565733903e+00
2.727349647883849038e+00 3.673057256228710710e+00 1.834839670923881627e+01 3.521700308935595380e+00
2.597577537452350871e+00 3.868594166558335878e+00 1.835547730625400575e+01 3.756275135148915201e+00
2.453061327182080920e+00 3.067804962167986371e+00 1.777479004739554469e+01 3.186230757667251723e+00
2.729514416522264675e+00 4.452005601154145786e+00 1.880028469841452932e+01 4.156178405897234640e+00
2.514937232187108407e+00 3.347754870525249782e+00 1.798706048838008442e+01 3.378952937744325702e+00
2.449498982045673845e+00 3.457206950018023139e+00 1.799690159125012201e+01 3.506094885901362979e+00
2.472518086969019979e+00 3.682059242699959434e+00 1.814562095975443157e+01 3.676303528888357874e+00
2.458464218682480329e+00 3.968064377876864945e+00 1.829942131753455925e+01 3.917844205603646657e+00
2.253695286999345182e+00 4.625949322807729303e+00 1.851246552650282240e+01 4.573096127519505671e+00
2.394471647760709310e+00 4.255350749920713938e+00 1.841320519538644618e+01 4.189288007957433280e+00
2.478801426023921284e+00 3.623895191111532910e+00 1.811713848827294626e+01 3.625202784616219809e+00
2.796471189322198736e+00 3.691880156991016460e+00 1.841568635420944844e+01 3.497119976072770697e+00
2.443984336708244332e+00 4.245389839125300213e+00 1.844785837377354198e+01 4.152547249413799157e+00
2.500319034340972024e+00 4.304089796481049390e+00 1.852775545604641749e+01 4.167901056603517063e+00
2.237996103046766105e+00 4.569754717995488491e+00 1.846718035150556503e+01 4.536305491316134031e+00
2.369735011191810958e+00 4.451332732166978445e+00 1.850626637911321382e+01 4.363530524689974044e+00
2.359060933062748777e+00 4.056455920956776318e+00 1.826937228666257340e+01 4.047424813040485070e+00
2.043662198788356754e+00 4.678401587784972726e+00 1.837135956928649350e+01 4.737273614047812664e+00
2.302557130653532180e+00 4.683261931609242090e+00 1.858546204179888406e+01 4.591635913050972739e+00
2.286473182649661151e+00 5.023860298883380260e+00 1.876915269061796465e+01 4.878905275687550613e+00
2.305261566220330849e+00 4.354756489885156512e+00 1.839783985917316755e+01 4.321967494802130716e+00
1.891147479391962705e+00 4.710755853705625995e+00 1.826558273299015056e+01 4.851810940099024805e+00
2.336159054236207400e+00 4.194414796990619365e+00 1.833040179083630505e+01 4.173252262949537439e+00
2.352189504254957875e+00 4.601518795511462478e+00 1.857873299314478999e+01 4.496241821448702325e+00
2.252030513157105229e+00 4.570537188940321904e+00 1.847908651795254542e+01 4.528834204381373851e+00
2.130174705765027099e+00 4.682666878352089945e+00 1.844443040891664509e+01 4.690762766251251215e+00
2.249916437137307934e+00 5.032464888934906178e+00 1.874428958440030968e+01 4.907052399192791015e+00
2.218543154650082450e+00 4.945253989192845978e+00 1.866828918589298425e+01 4.854005596135763767e+00
2.056160395677796071e+00 4.509344840246896524e+00 1.828386908705783398e+01 4.592077869161688142e+00
2.067466611985939284e+00 5.379749602370187844e+00 1.879606654328114246e+01 5.295914530818696342e+00
1.966110865657904050e+00 5.267167499335291936e+00 1.864828988212435945e+01 5.262601235352375895e+00
2.013272336150348174e+00 4.638591721196111628e+00 1.832355282509617922e+01 4.722344299297907000e+00
2.125617771959184665e+00 4.880339082950540863e+00 1.855493771449810225e+01 4.854723741881580068e+00
2.194660134385452821e+00 5.581908366643546060e+00 1.901669294139739463e+01 5.387404150815585879e+00
2.016770283995310553e+00 5.035355378876551491e+00 1.855568053648952187e+01 5.044136718876703895e+00
1.967296118702239527e+00 5.857521014769621281e+00 1.899039749166293234e+01 5.743726023225807609e+00
1.847930130133637716e+00 4.897830206248357854e+00 1.833841377066023526e+01 5.029462826123623387e+00
1.901701371748807157e+00 5.431529999690892119e+00 1.869070099698032550e+01 5.433963167430199803e+00
1.860611697388177443e+00 5.244177805892797473e+00 1.854890327553925999e+01 5.304801981100316866e+00
1.836110323633072250e+00 5.595603055014336746e+00 1.873198054301486692e+01 5.605771642643947672e+00
1.863679864954667309e+00 5.578465663829812016e+00 1.874457810987066964e+01 5.575853903848908999e+00
1.929920915522790770e+00 5.702051559020432592e+00 1.887005497304787838e+01 5.638439102399717129e+00
1.686403637359066732e+00 6.106897608229585828e+00 1.890525474474150514e+01 6.109567497210775855e+00
1.726720110698728883e+00 5.733063985237550675e+00 1.872213592483661060e+01 5.781170643543543264e+00
1.663658133148130824e+00 5.912909614974130257e+00 1.877459384280811250e+01 5.964390266919519235e+00
1.696174792340306992e+00 5.782962963230916742e+00 1.872604124720574958e+01 5.839545920293147674e+00
1.881982290026540383e+00 5.550033260969470916e+00 1.874308552618905921e+01 5.542072955225791908e+00
1.664961519122607481e+00 6.359067229286814893e+00 1.903347316420360613e+01 6.327763095537720872e+00
1.862894692249748019e+00 6.122736774374140545e+00 1.905844851187119815e+01 6.020507734392804622e+00
1.545472992304680826e+00 6.191008494898877501e+00 1.883884006487388163e+01 6.259651401310520669e+00
1.846951831837581048e+00 5.908637041701570780e+00 1.892171778129211290e+01 5.854985597976259726e+00
1.389630747848717096e+00 6.197025608888778514e+00 1.871512838624675723e+01 6.354616823381391555e+00
1.387158566129159887e+00 6.029672356617288287e+00 1.861640439302546213e+01 6.219462112435968137e+00
1.664744980414426090e+00 6.613055933467482994e+00 1.918006574804223874e+01 6.535177953018811436e+00
1.642510537364342493e+00 6.485760973510294569e+00 1.908836102011771274e+01 6.444136093610412175e+00
1.376170919263568493e+00 5.711943339017780730e+00 1.842383482608416756e+01 5.966500813229085765e+00
1.544699210966070213e+00 6.703753926660527718e+00 1.913450240994822238e+01 6.678569357759206682e+00
1.480522647689457294e+00 5.815645626876301044e+00 1.856892535194743132e+01 5.990835706639240144e+00
1.285942805532273026e+00 6.058259994406651749e+00 1.855031799055348429e+01 6.301281857216151749e+00
1.429337798221226530e+00 6.639218253009946835e+00 1.900305919349868944e+01 6.692561840506082049e+00
1.223588168687195221e+00 5.806655472694250975e+00 1.835403643630754544e+01 6.131970051529114230e+00
1.337797746241581986e+00 6.110656656514853680e+00 1.862291656758920055e+01 6.314079969906554624e+00
1.397012017895760572e+00 6.682824130399593443e+00 1.900187489776394045e+01 6.746829934817416330e+00
1.400028212251434923e+00 6.913409377557246493e+00 1.913758197049699916e+01 6.933276291835651861e+00
1.203158207874694741e+00 6.622020349716437160e+00 1.880852758816638826e+01 6.809225585919365997e+00
1.169870557465352956e+00 6.785612601872824889e+00 1.887589331558051242e+01 6.961974894936917124e+00
1.166901003592080599e+00 7.263893284618371027e+00 1.914984789015863242e+01 7.354033718081449678e+00
1.280920478530783946e+00 7.010302756090356802e+00 1.909636424927595399e+01 7.081181932339907448e+00
9.972767789450538434e-01 6.620955331889024187e+00 1.863988458624581313e+01 6.927326538262272848e+00
1.015863653880643369e+00 6.641556726453558213e+00 1.866695870648491962e+01 6.933399543379469065e+00
9.730368609904875843e-01 7.101639041749105985e+00 1.889786822468223093e+01 7.333637804222748358e+00
9.705181047636739500e-01 5.929067375865047396e+00 1.821823309577811045e+01 6.378113473121480581e+00
1.011713668893474027e+00 6.955982201871627524e+00 1.884526490600936199e+01 7.192412093612894353e+00
8.394807798618232342e-01 6.895096913269601835e+00 1.866951614279105343e+01 7.242247408998439440e+00
9.754178424027752925e-01 6.049903038024584845e+00 1.829205776452322851e+01 6.473900648479872899e+00
9.674171752639939559e-01 6.311160011359669753e+00 1.843649745329058831e+01 6.691745531595504559e+00
9.737658771133737012e-01 6.403431280114620705e+00 1.849499852367966568e+01 6.763382936742207363e+00
7.255946860363284845e-01 7.723719913952703742e+00 1.905539553931694030e+01 7.984327735489253897e+00
8.227286357396746963e-01 6.617728204958742033e+00 1.849556446539569521e+01 7.025556734039721363e+00
6.319872921222446926e-01 6.746663762170756584e+00 1.841439967967621172e+01 7.241007228672863505e+00
5.874973824639387887e-01 6.858313084204318066e+00 1.844260720401914000e+01 7.357837270795604567e+00
6.922230568193714628e-01 7.046354094245026900e+00 1.863673869485590018e+01 7.450788078171477480e+00
5.145888074456750338e-01 6.436212230161961756e+00 1.813918957854038894e+01 7.055475672963938294e+00
3.429378190356395795e-01 6.662198161145234998e+00 1.812968644774663574e+01 7.339101118454353312e+00
4.841797309224979973e-01 6.950673028737186954e+00 1.841165668301332303e+01 7.492918586023217031e+00
7.320826566088166620e-01 6.765272277953686242e+00 1.850684434195010297e+01 7.198353468364901531e+00
5.038222064246944409e-01 6.957311813718504823e+00 1.843152391815099023e+01 7.486986193768219167e+00
5.131368233011567304e-01 6.565574845863344500e+00 1.821275773349308480e+01 7.161892406497324615e+00
6.492685203734891441e-01 7.141035533211191222e+00 1.865639427439214870e+01 7.552882765981756563e+00
7.341073385033467513e-01 6.679576609429214606e+00 1.845897686551867878e+01 7.127244034105325809e+00
4.773961714697028680e-01 6.560360164770863811e+00 1.818057510081145267e+01 7.178289517398713571e+00
3.737432748953124495e-01 6.703125961725439730e+00 1.817847837986779069e+01 7.354702667446041175e+00
3.700673823945010432e-01 7.156442869414414432e+00 1.843743097719081092e+01 7.726795778537919546e+00
4.535839611143518413e-01 6.966591735392482221e+00 1.839588507118654093e+01 7.523590439767582794e+00
5.558748664823975894e-02 6.984145954521790323e+00 1.808120902701933730e+01 7.767902395111512703e+00
5.187371666686536598e-01 6.437019424057069727e+00 1.814304165358606369e+01 7.053737293238539152e+00
5.738243911600636737e-01 6.798560418065243027e+00 1.839691962814150372e+01 7.316971916125069697e+00
5.438610015153293453e-01 6.826105326778430182e+00 1.838838241503907867e+01 7.356766924699810417e+00
-7.456719097339914448e-03 7.208494014325576238e+00 1.815939751774688915e+01 7.987431854942220966e+00
1.758253782187654268e-01 7.300097091836867946e+00 1.836191446371218206e+01 7.956281612519100932e+00
-6.416815211724993806e-02 7.188122201020958002e+00 1.810134117783143637e+01 8.003576786286496159e+00
3.088013927865150832e-01 7.074208003976083070e+00 1.833990945609458123e+01 7.695083832848888861e+00
-1.024264226155015417e-01 7.033433486403339430e+00 1.798072911199848178e+01 7.899437344829015828e+00
-2.292022286891880201e-02 6.860518222484241591e+00 1.794569670662815142e+01 7.712371434336688480e+00
-2.115697779706390280e-01 6.474482870923452538e+00 1.756865924217677133e+01 7.506326056580203243e+00
7.834862544393379757e-02 7.088069068910208159e+00 1.815983801198256131e+01 7.839565257649358188e+00
2.146615019068733032e-02 7.698635808045545481e+00 1.846623473111591096e+01 8.370741696729268710e+00
-6.157664984852273538e-02 7.180805444954043715e+00 1.809922815696869947e+01 7.996107787278248225e+00
-1.136517044495632955e-03 7.183609781745412981e+00 1.815017612869573682e+01 7.963470720389370427e+00
-3.264909617825835220e-01 6.627268663059759035e+00 1.756315617905477211e+01 7.697428367041727171e+00
-3.860630263709083354e-01 6.557136385726888506e+00 1.747401070665337741e+01 7.674614950955074733e+00
-2.405080984032160751e-01 7.163031968466805566e+00 1.794292493685576773e+01 8.084999086799921741e+00
-3.988114697088966376e-01 6.682184464779170163e+00 1.753586620872511048e+01 7.784038174018835576e+00
-2.251125841123101656e-01 7.164277065412004930e+00 1.795620928355007351e+01 8.077118841905887692e+00
-3.502519290962595733e-01 6.622879583338646015e+00 1.754122769727253939e+01 7.707576730220402794e+00
-3.358705820461749258e-02 6.521451087797466073e+00 1.774105857238687278e+01 7.441809912284814033e+00
-4.815545121503616577e-01 6.961514890937369415e+00 1.762974971794884027e+01 8.059823932799140778e+00
-4.454597734895081595e-01 6.833907033429856170e+00 1.758546881758212521e+01 7.934820743562362111e+00
-2.240665391272502749e-01 6.628996837753225790e+00 1.764774723944893253e+01 7.639652061816827100e+00
-3.996884083844139957e-01 7.601769987394033201e+00 1.806654001162351619e+01 8.535053232018098512e+00
-3.346384785334234335e-01 7.668301511787840141e+00 1.815807545323980321e+01 8.551762512071212186e+00
-7.077761469973125052e-01 6.481791063241617579e+00 1.716790966662842877e+01 7.799027180656311842e+00
-6.149110252609374383e-01 6.872989096119298758e+00 1.746975714922704981e+01 8.064635781818534355e+00
-5.045733550163686854e-01 7.185880523305053558e+00 1.774061456631903866e+01 8.256238773151121535e+00
-9.039924700925586754e-01 6.849428766060554175e+00 1.722021239914784374e+01 8.212455227786650269e+00
-4.662043978880848205e-01 6.921673871818577517e+00 1.761925508654930894e+01 8.018437998907577580e+00
-4.515399344192060904e-01 7.004687692536840871e+00 1.767919347565587174e+01 8.077714726468942175e+00
-7.358067972536425083e-01 6.314094441421005399e+00 1.704812802777744807e+01 7.678361388826100864e+00
-7.520650754981147434e-01 7.094075943520032013e+00 1.748557729361817437e+01 8.324328582299219903e+00
-9.212021988542242745e-01 6.854196256589719205e+00 1.720892182334181797e+01 8.226290928996352392e+00
-7.653271569051109946e-01 7.108200233516030586e+00 1.748291543912241153e+01 8.343519541154375219e+00
-8.056247295676860487e-01 6.486288651406756145e+00 1.709065072586924572e+01 7.859240380895990086e+00
-1.085610907955767646e+00 6.835839797900596260e+00 1.706413427609730604e+01 8.306314359108782241e+00
-9.233265322584647272e-01 6.854938927436943885e+00 1.720761723300823220e+01 8.228124612846203334e+00
-8.432007902888000173e-01 6.118876996801475343e+00 1.684767186432658903e+01 7.581095531721064873e+00
-7.343762293298471411e-01 6.910027809223789674e+00 1.739366020824460080e+01 8.163898346891055979e+00
-9.958445720385210587e-01 6.518234016780449558e+00 1.695386503499457831e+01 7.995232180687107615e+00
-1.050022427487855792e+00 6.722667446674241098e+00 1.702778186675544347e+01 8.193385074336593021e+00
-1.004532719114389572e+00 6.044308383210595714e+00 1.667291277082869172e+01 7.613464168257749520e+00
-1.067163739337830819e+00 5.738373057745949524e+00 1.644501018053127694e+01 7.399970661571677155e+00
-8.379116165436718555e-01 6.535849890758822056e+00 1.709293952377496240e+01 7.918346395148853745e+00
-9.058855669848264736e-01 6.748384658403026037e+00 1.716027826360346964e+01 8.131083273744128093e+00
-1.120346538198819797e+00 6.430782428889634694e+00 1.680171973354511650e+01 7.995804062893681063e+00
-1.132722939247065908e+00 5.919322921174431151e+00 1.649606811132307271e+01 7.585534530551566235e+00
-1.143195994038068042e+00 6.333141541262841123e+00 1.672664890235511592e+01 7.929319396442386036e+00
-9.444242089186847267e-01 6.602164737389237814e+00 1.704433113305603698e+01 8.034017547861090236e+00
-1.189693448340682247e+00 5.906031170526544471e+00 1.644189159787248045e+01 7.607607476254608869e+00
-1.235868837058393899e+00 5.966338342730646005e+00 1.643905508666654214e+01 7.683509226871215958e+00
-1.147209104978755834e+00 5.979396671709826805e+00 1.651895948170550099e+01 7.642933917856741033e+00
-1.291558378546188823e+00 6.544137897023428074e+00 1.672749063629749955e+01 8.187253788808261490e+00
-1.189741915537530836e+00 6.746980949468388999e+00 1.692780128345641799e+01 8.293966209357881425e+00
-1.371230865305790081e+00 6.138686264733251186e+00 1.642817360792021120e+01 7.902388824664518197e+00
-1.546774466512412571e+00 6.008759857004184468e+00 1.620982691096244110e+01 7.897790207741730129e+00
-1.359013410496116236e+00 6.076921333110242962e+00 1.640245339538761016e+01 7.844920192805920678e+00
-1.282671826741522247e+00 6.050833492220324850e+00 1.644968357381404189e+01 7.779514358981524325e+00
-1.358231196018940601e+00 5.939345313989401021e+00 1.632359243844462782e+01 7.732187223508274698e+00
-1.614007955668715688e+00 6.091615394828205687e+00 1.620283383740374461e+01 8.004263111029098710e+00
-1.602747174213398518e+00 5.851540727368345074e+00 1.607329520743009255e+01 7.801822022068639839e+00
-1.470784747513559809e+00 6.731789423733673949e+00 1.668965312488637309e+01 8.443970577390791377e+00
-1.750196828134297888e+00 6.408822625146950891e+00 1.627498559578321036e+01 8.341845633847871255e+00
-1.418342473582577368e+00 5.422170645687645063e+00 1.597568004002102171e+01 7.344837296121554004e+00
-1.850536094585836677e+00 5.957132108982166940e+00 1.593208214004349976e+01 8.031185834667150303e+00
-1.627845887056084795e+00 6.332095760310364696e+00 1.633050359413795860e+01 8.208524531133189583e+00
-1.646749543202370658e+00 5.135203765800990361e+00 1.562344244517620240e+01 7.242619604980928827e+00
-1.726633040844299805e+00 5.653193978063282721e+00 1.585757111343534120e+01 7.711532176676596961e+00
-1.634836283863914774e+00 4.927447388451160037e+00 1.551311169727679484e+01 7.066177648106869214e+00
-1.962414253186624880e+00 5.984469405325803848e+00 1.585657123442264727e+01 8.118146476773805631e+00
-1.738616891739011017e+00 5.270624664221877254e+00 1.562672004738782938e+01 7.406227938448436632e+00
-1.780443325590815640e+00 5.537000033589821513e+00 1.574651096059960942e+01 7.647796614163139495e+00
-1.675717160305790987e+00 5.145204152195945291e+00 1.560557968348815905e+01 7.267520454636610339e+00
-1.843120538158629529e+00 5.480546791749330460e+00 1.566273579516287739e+01 7.637941506572646588e+00
-1.826543989807888790e+00 5.575048425279904407e+00 1.573087302883803673e+01 7.705488957170489428e+00
-2.021630488807069970e+00 5.522499881783535791e+00 1.554129002717804475e+01 7.775334336380103295e+00
-1.833880020488955820e+00 5.373769866143116580e+00 1.560857546841511656e+01 7.545457140243550853e+00
-1.859057655171324264e+00 5.114930743099091792e+00 1.543845489358180068e+01 7.348757890309087770e+00
-1.963825053914275864e+00 5.513511909966887004e+00 1.558327344746298948e+01 7.734595603438348732e+00
-1.805778130628493017e+00 5.355203443303695465e+00 1.562078172808724652e+01 7.514065493335522206e+00
-2.332080753035403742e+00 5.012584830197657659e+00 1.499326159634417444e+01 7.538569547209419852e+00
-2.208984413983343664e+00 5.250243778829264407e+00 1.523105818131555544e+01 7.661399790751675098e+00
-2.250212311006611010e+00 5.176469894995046062e+00 1.515477974354092616e+01 7.625014005620554869e+00
-2.171214289537179987e+00 5.061842626019486424e+00 1.515301475706430345e+01 7.485812773544049392e+00
-2.034031506904284914e+00 4.902420564596542185e+00 1.517285152899462020e+01 7.276430319650152967e+00
-2.151607451600400456e+00 5.103357988032590775e+00 1.519300660299543182e+01 7.508365060256910084e+00
-2.029444509295186716e+00 5.552185727393860404e+00 1.555206690355023369e+01 7.804077462192152481e+00
-2.011365954309390247e+00 5.675734393629970675e+00 1.563821503061542195e+01 7.894463342075329848e+00
-2.267363823641230347e+00 4.455965850690841279e+00 1.472443299395274430e+01 7.046894703604737131e+00
-2.028575234563909646e+00 4.840105779732393643e+00 1.514129552440774873e+01 7.222419932732163872e+00
-2.354380085085433727e+00 4.811727620837315200e+00 1.485899540338319902e+01 7.387528267455612863e+00
-2.053836789177070354e+00 4.555292081984407382e+00 1.495609685333155348e+01 7.004570349767298865e+00
-2.210218721725880187e+00 4.994163510559971542e+00 1.508207288089555931e+01 7.453116311879153244e+00
-2.338619298079028574e+00 4.293447090638652597e+00 1.457236601816354948e+01 6.955432553615873204e+00
-2.120294130071199046e+00 5.065428298300130194e+00 1.519664462136327643e+01 7.459314573095749523e+00
-2.332643860316290230e+00 5.114485678391009316e+00 1.505168620538466939e+01 7.622060055716673332e+00
-2.563338022268360383e+00 4.414175312114755556e+00 1.445872834341600743e+01 7.183818821460583592e+00
-2.488972527398044310e+00 4.576671832510197824e+00 1.461332067243088062e+01 7.273465671810667388e+00
-2.407023914451157154e+00 3.832701502000781524e+00 1.425029308811178375e+01 6.618928888378560416e+00
-2.465385752928149099e+00 3.911525737683184012e+00 1.424821098347980097e+01 6.716985143465274533e+00
-2.455450800393375932e+00 3.910658921420517409e+00 1.425581837531277074e+01 6.710536714059513130e+00
-2.500881365814766166e+00 4.008245290000923333e+00 1.427513181025386579e+01 6.816433016346204354e+00
-2.620784969315522517e+00 4.474316596209974684e+00 1.444659683005010997e+01 7.266098540475139700e+00
-2.505250289979145339e+00 4.137076208615586559e+00 1.434601209559291846e+01 6.924101387930928553e+00
-2.186030446760571344e+00 4.218793639757594249e+00 1.465376044977353587e+01 6.806330434992347023e+00
-2.495358909580256412e+00 4.208114611833926766e+00 1.439513490587798294e+01 6.976362689557511487e+00
-2.320674232812448334e+00 3.465905545623169548e+00 1.410881046920274429e+01 6.269675098591370954e+00
-2.897938174613191364e+00 3.845475585841204857e+00 1.385702110862885839e+01 6.913032846532784603e+00
-2.634385572502750961e+00 4.395530958477668726e+00 1.438996998508571856e+01 7.209657832211322059e+00
-2.580867842699997805e+00 3.590923582233617406e+00 1.396869930911566726e+01 6.522061878996563422e+00
-2.407097148353956939e+00 3.905499062449268255e+00 1.429229994451251784e+01 6.678384032695799277e+00
-2.759582945751382521e+00 3.734333691035984337e+00 1.390571382038549864e+01 6.742376144478388511e+00
-2.413934089313860554e+00 3.203545838247765065e+00 1.388109103742855766e+01 6.109444398408125920e+00
-2.508672781112721406e+00 3.086137589036151319e+00 1.373592597784403857e+01 6.068368588221119353e+00
-2.495516116547601193e+00 3.319492732799748769e+00 1.388150967536861202e+01 6.251215813954740241e+00
-2.666831687837422749e+00 3.367880351764611646e+00 1.376965375241754153e+01 6.389702777731878669e+00
-2.942258451497642202e+00 3.769514888811498654e+00 1.377695519672859525e+01 6.876649276230619279e+00
-2.585271097706495880e+00 2.994018195663413984e+00 1.362017931852097874e+01 6.037449409772901454e+00
-2.750225030151870698e+00 3.258099644369484960e+00 1.363815569221381097e+01 6.348296094440353698e+00
-2.584919873569887283e+00 3.142663911960314138e+00 1.370636202623552080e+01 6.158561808901986012e+00
-2.690654151754439560e+00 2.726014670063496403e+00 1.337930436612543161e+01 5.879618059519221340e+00
-2.680439782612205057e+00 2.365726600134631319e+00 1.317944548855855125e+01 5.579670971305737304e+00
-2.793771745766564951e+00 2.684777411802633740e+00 1.327131695735879902e+01 5.905550070848677002e+00
-2.921391911891112692e+00 2.835149684662830349e+00 1.325405510690042199e+01 6.102020821255834448e+00
-2.830077638023348552e+00 3.206859457017069648e+00 1.354337544432753404e+01 6.352620489704737139e+00
-2.920851727816755172e+00 2.437440576623387756e+00 1.302467673106171375e+01 5.777123318781654859e+00
-2.977838088164450614e+00 2.489804138055430993e+00 1.300842670347348573e+01 5.852789192429598941e+00
-2.755935762659886379e+00 2.380179940817300110e+00 1.312618235445298964e+01 5.635092813619955621e+00
-2.757725956875420881e+00 2.533332378837099164e+00 1.321322161366281023e+01 5.761120752676909262e+00
-2.820351510942418205e+00 2.394153369909309159e+00 1.308168489342607366e+01 5.683720185639693945e+00
-2.591296748461262567e+00 1.630812971276114354e+00 1.282752302592369098e+01 4.928368351387280910e+00
-2.681694460085509490e+00 2.158509118385445902e+00 1.305867929737484445e+01 5.411278020072568751e+00
-2.876842452871767986e+00 2.068041568290351240e+00 1.284713432125153965e+01 5.450211807272179243e+00
-2.709261257909977960e+00 2.057348789291588709e+00 1.297772472998012461e+01 5.344646957176900415e+00
-3.032717742436084496e+00 2.504404947044299945e+00 1.297207454348818700e+01 5.896418088135389368e+00
-2.781600588780045236e+00 2.469952111902639302e+00 1.315711185863258059e+01 5.723189872437819403e+00
-2.810991109266227195e+00 1.751977016039078183e+00 1.271823776680954943e+01 5.154206944309700056e+00
-2.792945120372559487e+00 1.846911842420221772e+00 1.278782458993970828e+01 5.221258812455339182e+00
-2.586385522977071805e+00 1.588866191030846364e+00 1.280729199487163150e+01 4.891296018155179226e+00
-2.757993229858997086e+00 1.228804418682281518e+00 1.245917205413717710e+01 4.696600892815320449e+00
-2.870753857742367465e+00 1.632828516468153301e+00 1.260061227238075077e+01 5.091499734869270100e+00
-2.646987198107567441e+00 1.453994175025106417e+00 1.267989586701091653e+01 4.816241036067571812e+00
-2.755766841505183695e+00 1.764841200651547704e+00 1.277074203477378056e+01 5.132794124760952315e+00
-2.680753546187628178e+00 1.236756495498237962e+00 1.252680543164506588e+01 4.658457341509556926e+00
-3.011145646847288582e+00 1.566831488192677924e+00 1.244789636997798077e+01 5.118763544995190706e+00
-2.825036121886242313e+00 1.862721868981402240e+00 1.277076986169115713e+01 5.252705999330868458e+00
-2.992465736752699001e+00 1.566387017957039607e+00 1.246288490627101808e+01 5.107606467657257454e+00
-3.009054915831617549e+00 1.129552741439643571e+00 1.219691783635851223e+01 4.760675777568955880e+00
-2.784019922487205090e+00 1.394176266969583633e+00 1.253349207532904508e+01 4.846606797316317383e+00
-2.836759051393211717e+00 1.241561230205957322e+00 1.240225992717133963e+01 4.752527636743736572e+00
-3.156306176943286523e+00 8.745072242458462597e-01 1.192936055030330067e+01 4.637613807739127125e+00
-3.118370977335756855e+00 8.053177056430925740e-01 1.192033920183817308e+01 4.559224496442148222e+00
-3.178436882950750331e+00 1.098166510398706830e+00 1.204054207300319845e+01 4.832938955738374176e+00
-3.035966543529519779e+00 6.137856510902277574e-01 1.187691429981950542e+01 4.355289956658330297e+00
-3.074307509404132333e+00 5.844330354808764394e-01 1.182866116360379216e+01 4.353489803149238391e+00
-3.102493902075041277e+00 7.258234546088806471e-01 1.188736072072419958e+01 4.485171560985543593e+00
-2.708761207036685548e+00 4.440818604352224641e-01 1.204589424528935915e+01 4.027710215494332502e+00
-3.084213060759782188e+00 5.517016043585806218e-01 1.180166276376097478e+01 4.332500450207797726e+00
-3.108818126731877296e+00 6.309984058481656888e-01 1.182740390584472756e+01 4.411435775647007063e+00
-2.986794211905257956e+00 -4.102058867201030523e-02 1.153866090990945104e+01 3.792463363431532564e+00
-2.967788430054879356e+00 4.887577987239107857e-01 1.186030872329673969e+01 4.213852783847782391e+00
-3.162834745468273479e+00 5.581482579377543551e-01 1.174122189939742888e+01 4.383193946474664315e+00
-2.839380372111612871e+00 2.085247356480105507e-01 1.180317255415067734e+01 3.910942471773439788e+00
-2.998302442587830186e+00 4.478923682068149947e-01 1.181179069004640247e+01 4.198133724660671362e+00
-2.895159605696893568e+00 -3.899593434599350483e-01 1.141181043669120143e+01 3.454729573158459743e+00
-2.963459145739564260e+00 -3.598673663127033295e-02 1.156061438435603961e+01 3.783087333405542374e+00
-3.180397435146812057e+00 -1.328437580487409342e-01 1.132759332334193481e+01 3.829398121918238918e+00
-2.543819383909370124e+00 3.381846939704430399e-01 1.211931598227763196e+01 3.845970667185614644e+00
-3.429280725301214972e+00 2.055378096389351428e-01 1.132000668354326578e+01 4.249383145895778924e+00
-2.786264938652500245e+00 -9.029149257356152702e-01 1.120426817363731153e+01 2.973161626815515213e+00
-2.980653265713443467e+00 -5.936514018299248185e-01 1.122433083808269316e+01 3.337891990798923736e+00
-2.780658549585824701e+00 -1.098904633805101394e+00 1.109558961139059008e+01 2.809967364123731937e+00
-2.642546841842702054e+00 2.252629130747421105e-01 1.197348808063563652e+01 3.810861371360615202e+00
-2.817161608488572444e+00 -2.383774753257520973e-01 1.156306027238351142e+01 3.533369496343868654e+00
-2.992442482441787011e+00 -1.012669059534590188e+00 1.097257666689712963e+01 3.002728418210787620e+00
-2.970569740327542174e+00 -1.113787639420339426e+00 1.093199569158088202e+01 2.907562413313613536e+00
-2.954180165759531018e+00 -9.647720219616252590e-01 1.103148165017199211e+01 3.019708819606148342e+00
-2.903875670478616389e+00 -9.109218833676597793e-01 1.110365475288138803e+01 3.034589105804869291e+00
-2.839794637080593542e+00 -1.538185970337597075e+00 1.079348435789115968e+01 2.485625591793970912e+00
-3.199669392348335695e+00 -9.690338617901512741e-01 1.082866592775434711e+01 3.158088393207537870e+00
-2.702346585323974981e+00 -7.172502510260072572e-01 1.138004484414597961e+01 3.076196686699434135e+00
-2.997467785403214791e+00 -6.073584364835341587e-01 1.120268716202244974e+01 3.336421562972662791e+00
-2.992108559520084921e+00 -1.177867405355308428e+00 1.087738807027767507e+01 2.867710878461175561e+00
-3.204705165698898739e+00 -1.112566087370024492e+00 1.074161485293176632e+01 3.043856308549228729e+00
-3.219755831313706018e+00 -1.217322571722851299e+00 1.066879710578090368e+01 2.967057745741805697e+00
-3.095264975933592400e+00 -1.710284367273349204e+00 1.048553704038920920e+01 2.492795103972210491e+00
-2.838391526234134155e+00 -1.554284619926872058e+00 1.078532676198856421e+01 2.471676080414153542e+00
-2.755412495147242069e+00 -1.318794988707400861e+00 1.098912854731043787e+01 2.615917954748961716e+00
-2.766311150862666324e+00 -1.186634462958580993e+00 1.105660371214622728e+01 2.730076999038019370e+00
-3.185201044874677034e+00 -1.436248998420064593e+00 1.057049026106496470e+01 2.768415912649544453e+00
-2.944400760734187550e+00 -2.142764848055184856e+00 1.035875085419455743e+01 2.052653489630604344e+00
-2.930807893063096969e+00 -1.983377507815414331e+00 1.046194769424567994e+01 2.174880747162201367e+00
-2.863157703398276244e+00 -1.747743418388333581e+00 1.065332251214729453e+01 2.328098407159144845e+00
-3.066498427541056504e+00 -2.144253021523633951e+00 1.025824240626724126e+01 2.121994003006228979e+00
-2.860657093920395688e+00 -2.504604862781479202e+00 1.021800519729581325e+01 1.708950335655134989e+00
-3.014597318579312013e+00 -2.744813059868690175e+00 9.953562655200025588e+00 1.601862929085342779e+00
-2.895405690787757003e+00 -2.196815902984061264e+00 1.036750375830982307e+01 1.980228217193912510e+00
-2.941937366955276634e+00 -2.684731254333618811e+00 1.004758190242897520e+01 1.608910842029115384e+00
-2.813835951260506452e+00 -2.536256406065024560e+00 1.023792760622115239e+01 1.656062367129019552e+00
-3.001169035676305885e+00 -2.000521758344008916e+00 1.039461638499575891e+01 2.201547402571441658e+00
-2.646816582748228175e+00 -2.477248243195541377e+00 1.040833670795046828e+01 1.607707731453838829e+00
-2.803378956632667673e+00 -2.349731352680457075e+00 1.035424687685301137e+01 1.802249820614039599e+00
-2.658014681112008226e+00 -2.901090600368546824e+00 1.015427698130927503e+01 1.268264958014874377e+00
-2.648319958242238314e+00 -3.214045416368915387e+00 9.981345882555352489e+00 1.007248599153771851e+00
-2.693756015297626316e+00 -2.292943185407925188e+00 1.047652975544488818e+01 1.785250326139113497e+00
-2.805776656750255782e+00 -3.014331470729934459e+00 9.968245778276239477e+00 1.261230211196082696e+00
-2.922924141762828221e+00 -3.102328845068201613e+00 9.821787358487028996e+00 1.257106813562135050e+00
-3.118990761986337734e+00 -2.546612141411406682e+00 9.982895153768001961e+00 1.823946696235142495e+00
-2.738473686503163584e+00 -2.629219855158396513e+00 1.024571394551560033e+01 1.536642742539576556e+00
-2.769596723398366933e+00 -2.910198797483832145e+00 1.005794744107400795e+01 1.325309949850685509e+00
-2.529299250394956733e+00 -3.239944411299036986e+00 1.006351722454322761e+01 9.173344323569307956e-01
-2.867408277701535280e+00 -2.452549828755448136e+00 1.024257570073396906e+01 1.755335628698226458e+00
-2.919756229217421506e+00 -3.075068243249833522e+00 9.840125557603450090e+00 1.277524613016569166e+00
-2.608341532539584673e+00 -2.943477963485304105e+00 1.017032324412233635e+01 1.204967030001201866e+00
-2.383204309399066023e+00 -4.141460807287465684e+00 9.661802674681865710e+00 9.715093797884932769e-02
-2.645349680918478885e+00 -3.162663827596218002e+00 1.001346128035747718e+01 1.047466647791142957e+00
-2.556226333919129345e+00 -2.887575841232419727e+00 1.024515988429403102e+01 1.220475688467946407e+00
-2.598515242822254656e+00 -3.680021082048642089e+00 9.752725791782637543e+00 5.981683077942330229e-01
-2.425805294668027301e+00 -3.465788815878291906e+00 1.001747662104759229e+01 6.732095528761139480e-01
-2.669300750892480867e+00 -3.611336942473194256e+00 9.734644731541497009e+00 6.951279614783087979e-01
-2.177754321069758525e+00 -3.279526558915726309e+00 1.032755341017781880e+01 6.818870360669224695e-01
-2.694129988253126218e+00 -3.985403379535424229e+00 9.498223514916070087e+00 4.041860451209451366e-01
-2.528694875161863642e+00 -3.960563620607795876e+00 9.647595173513188627e+00 3.288607646697783160e-01
-2.579691960877742218e+00 -4.567230585992248848e+00 9.255407403466911376e+00 -1.367938956380738702e-01
-2.573107547958332297e+00 -3.452933305439306100e+00 9.904686369756372954e+00 7.688211483377112021e-01
-2.367567740749992211e+00 -3.392543102687301193e+00 1.010733207177524129e+01 6.993351181665297123e-01
-2.708795266455423345e+00 -3.597480924499472543e+00 9.710418578418284596e+00 7.292585855348687751e-01
-2.177499440685225718e+00 -4.217842639456606868e+00 9.785548326418414433e+00 -8.405527321268158047e-02
-2.633095239637205154e+00 -3.916689990116595688e+00 9.587742823535517545e+00 4.249962303274268383e-01
-2.310418757041351689e+00 -3.866309723297615353e+00 9.880203851716665042e+00 2.796523941993995788e-01
-2.147645256797557245e+00 -4.459254735248205037e+00 9.670411627938729993e+00 -2.983322270674735321e-01
-2.248125799179344853e+00 -4.044354268345650816e+00 9.828159078389226977e+00 9.834708763101618345e-02
-2.487320759986408447e+00 -4.370738175839195883e+00 9.444339650095606942e+00 -2.980645625523647979e-02
-2.124911289506921541e+00 -3.863618055441766508e+00 1.003315887000489681e+01 1.746522610217222660e-01
-2.279222247351006647e+00 -4.439560515555534437e+00 9.574407154964131195e+00 -2.062262668842409497e-01
-2.272396242840744041e+00 -4.823439957924336774e+00 9.358150451218111954e+00 -5.234691686107626474e-01
-2.262939457360866768e+00 -4.713556626665363680e+00 9.429365410090220223e+00 -4.392539270387905148e-01
-2.250902717039362066e+00 -4.996479267860352458e+00 9.275700041003389629e+00 -6.771132517702884712e-01
-1.964404172914893998e+00 -5.248120140165053904e+00 9.364109675698820467e+00 -1.048042194955814743e+00
-2.026413712466231587e+00 -4.639612997671878070e+00 9.665131851308913724e+00 -5.155839569206186468e-01
-2.185680107682494100e+00 -4.680735339297124042e+00 9.511385700695708323e+00 -4.571121449293058525e-01
-2.042989513585983463e+00 -4.694291485567205768e+00 9.620007335809315663e+00 -5.506306732034254026e-01
-2.100461596156136146e+00 -4.771020669041284634e+00 9.528763665160404628e+00 -5.800415629904174253e-01
-2.396199748467499280e+00 -4.620182518342601519e+00 9.374563617667391213e+00 -2.860423320528346913e-01
-2.105047269493540707e+00 -5.371721811524952095e+00 9.177901389613850824e+00 -1.067646479474485322e+00
-2.065341334269050755e+00 -4.754281728531180029e+00 9.567099355457781229e+00 -5.866747955238031942e-01
-1.895540121662086852e+00 -4.647532465812378888e+00 9.767366383266894658e+00 -5.976736348401456844e-01
-2.168731400821718225e+00 -5.030779922546432026e+00 9.322942246163275826e+00 -7.525906270059508074e-01
-2.076088974591411951e+00 -5.516993199186612351e+00 9.117589163663044616e+00 -1.202941691206614649e+00
-2.051236569845234836e+00 -4.648276062013481535e+00 9.639866966528391146e+00 -5.083101319796430317e-01
-1.765061732915111481e+00 -5.056556074578388404e+00 9.637497290138099970e+00 -1.006891108939041768e+00
-1.843634563543582461e+00 -5.380292647289607544e+00 9.386297402670239265e+00 -1.225700785964330741e+00
-1.964822929569052024e+00 -5.382802996203225554e+00 9.285940397416862169e+00 -1.157719954782554961e+00
-1.929570059381875646e+00 -5.716756170992452368e+00 9.121734201695801403e+00 -1.450642833873714732e+00
-1.738096393295653463e+00 -5.172728873777725944e+00 9.592373379667506583e+00 -1.117286224403649886e+00
-1.619380759913428669e+00 -5.611889916948535451e+00 9.435489113472447897e+00 -1.544302793717599265e+00
-1.546030522800636575e+00 -5.544020293243194786e+00 9.534571978743660026e+00 -1.531297836353040065e+00
-1.789942629145598874e+00 -5.949721350993571356e+00 9.101068690638399517e+00 -1.721459249587527385e+00
-1.790593823215014257e+00 -5.315366678942726963e+00 9.467103910487791651e+00 -1.203362258825895648e+00
-1.799491058512976416e+00 -6.269612185134482374e+00 8.908424501026733111e+00 -1.977016551341196138e+00
-1.691433615585694161e+00 -5.251340157395770092e+00 9.585030497012898110e+00 -1.208408289843400762e+00
-1.793083741158093103e+00 -5.802275864336182032e+00 9.183707609696259766e+00 -1.599308329913306626e+00
-1.870875524841192572e+00 -5.601522745581604568e+00 9.236225531124198085e+00 -1.390513588056198291e+00
-1.781842855231297928e+00 -5.813526626500930661e+00 9.186380380549895364e+00 -1.614986131470633524e+00
-1.358270784659546981e+00 -5.982443727825457636e+00 9.434463434562449180e+00 -1.997610077924754091e+00
-1.672842106666765361e+00 -6.354905832115294473e+00 8.962499887153340339e+00 -2.119812965281776318e+00
-1.443037491844477938e+00 -6.450466637830402306e+00 9.094831531508996036e+00 -2.330598079757796537e+00
-1.609261208202286575e+00 -6.084448739758645530e+00 9.170676341288155342e+00 -1.935823472648586563e+00
-1.135347947839509875e+00 -6.032419051468625781e+00 9.587520519580348122e+00 -2.167214479032023799e+00
-1.218304154693798491e+00 -5.049709240696111046e+00 1.008768319754746656e+01 -1.317251185699327198e+00
-1.256943085883956757e+00 -5.766568436267282216e+00 9.641905961592431851e+00 -1.879979121013322541e+00
-1.279429227025152160e+00 -6.117468206343469994e+00 9.420784069018310447e+00 -2.153367825621581577e+00
-1.577780108502706558e+00 -6.488616352042472890e+00 8.962817913842958006e+00 -2.283871447211741401e+00
-1.638875866578473284e+00 -6.086821052442664914e+00 9.145135846398083856e+00 -1.920646550069246228e+00
-1.462400839607170155e+00 -5.857489202511008131e+00 9.421684907616757698e+00 -1.835457646586051261e+00
-1.372858012941131189e+00 -5.560002464678865053e+00 9.666669153990223862e+00 -1.644410542388738961e+00
-9.760855004837023507e-01 -7.052496228661499167e+00 9.128041215255080942e+00 -3.091768827604517877e+00
-1.390048071450821654e+00 -6.722822632010627686e+00 8.980695201585225718e+00 -2.583498385078069060e+00
-1.121569991119775400e+00 -6.403024502148195296e+00 9.384608042660547156e+00 -2.477641215759143645e+00
-9.829340110179208834e-01 -6.124868049355875144e+00 9.658488904376788753e+00 -2.330739136827709945e+00
-1.069258750583671702e+00 -6.655427024574096961e+00 9.281448490448351407e+00 -2.713864851326719840e+00
-1.236460389577856978e+00 -6.454652385898503653e+00 9.261008103483717946e+00 -2.453386379666597339e+00
-1.218078447965821098e+00 -6.078101814042894624e+00 9.493602915924691743e+00 -2.156691448520542398e+00
-1.130877974409374653e+00 -6.141112952306073680e+00 9.528359033600438011e+00 -2.258506665545305214e+00
-1.230734462847781430e+00 -6.415989615717684558e+00 9.288022824054952054e+00 -2.425141010003036168e+00
-1.007935505780421792e+00 -6.819179463706722899e+00 9.236871100213786434e+00 -2.882945476931662920e+00
-1.086348582754562253e+00 -6.137659443373765455e+00 9.566696780460741678e+00 -2.281419775564863972e+00
-9.976226481678929225e-01 -6.818432585134599044e+00 9.245719400449907255e+00 -2.888295284654308848e+00
-9.207397571752471421e-01 -7.063878651898100713e+00 9.166633536768806323e+00 -3.133040410822073074e+00
-1.157275541604554148e+00 -6.263378126809974411e+00 9.436163123442124601e+00 -2.343037834946738673e+00
-9.673070523448447089e-01 -7.145900795193010246e+00 9.081231095841300061e+00 -3.173072498623321192e+00
-9.704044208871877020e-01 -6.465706574037920262e+00 9.471758633699632668e+00 -2.616150588155635948e+00
-1.275066385001053293e+00 -6.221459885734213380e+00 9.364252363585372052e+00 -2.240760445755537678e+00
-1.033689894576201196e+00 -7.199444653973751329e+00 8.996112835924565232e+00 -3.178411822980591328e+00
-1.015781142280302918e+00 -7.204886109087299317e+00 9.007584455539577206e+00 -3.193201508100872221e+00
-6.058024243332306158e-01 -6.652500093261617842e+00 9.661383969236752023e+00 -2.979287844351609760e+00
-7.340094614835158682e-01 -7.262890634190944716e+00 9.204030558978018917e+00 -3.403365095516484029e+00
-5.677516467523739951e-01 -7.042922762760308153e+00 9.466829922850289236e+00 -3.319914392887752808e+00
-8.257133491291310801e-01 -6.068482582710685413e+00 9.819385368286857485e+00 -2.375571996147418208e+00
-6.440025787513747879e-01 -6.806084780417218205e+00 9.541457304807819284e+00 -3.082559830316844884e+00
-4.041259096636079517e-01 -6.937916530704689499e+00 9.661049689394127782e+00 -3.328767239436596359e+00
-6.170852654767556844e-01 -6.924249550635249051e+00 9.495143122591185758e+00 -3.194552915818622107e+00
-4.900345612691134889e-01 -6.528975555774138684e+00 9.827246069792217043e+00 -2.945372168340997465e+00
-6.555787351636547244e-01 -6.693211194224375937e+00 9.597234430784151726e+00 -2.983750083453820867e+00
-6.662353157139450088e-01 -7.176837275873280575e+00 9.309070176183805501e+00 -3.372297521909826568e+00
-4.275835460550072020e-01 -7.084320107529782362e+00 9.557304607455279211e+00 -3.434697527766956693e+00
-3.953596838422004378e-01 -7.010449764247422166e+00 9.626290253786251583e+00 -3.393029968288851617e+00
-4.588974123690287010e-01 -6.738454757043646381e+00 9.731609113854148063e+00 -3.134328857730488860e+00
-3.309916223276350711e-01 -6.993556708905964925e+00 9.688585229217075323e+00 -3.416438485926361235e+00
-3.638771622432450115e-01 -6.638599770172967318e+00 9.866860677296555693e+00 -3.107741625394378371e+00
-3.226080468774605858e-01 -6.875131946447313069e+00 9.763860032183773185e+00 -3.324632098681019610e+00
-5.304253772280879131e-01 -6.936637005994922944e+00 9.558711329416771818e+00 -3.254739860935807361e+00
-3.050369407431633428e-01 -7.264919279749201486e+00 9.552958889962649636e+00 -3.652905791174350991e+00
-2.495006458529821503e-01 -7.412733774724797442e+00 9.512868414920259141e+00 -3.805634828314951701e+00
-2.912602767697867190e-01 -7.029067289815784214e+00 9.700491413906272342e+00 -3.468379066810066025e+00
-3.613553124000341565e-01 -6.781324332819440137e+00 9.786444377038073128e+00 -3.225681776157365288e+00
-1.246470520927579484e-01 -7.120482147256680605e+00 9.783645957215513889e+00 -3.639264890462144297e+00
-2.235714870071478511e-02 -7.020454705849147103e+00 9.924930212124346340e+00 -3.616737736062459962e+00
9.760673114314499799e-02 -7.725344535874674179e+00 9.615511281286135414e+00 -4.261346865829908737e+00
-8.685089196416681534e-02 -7.037213909953866420e+00 9.862610010051552578e+00 -3.593147351242329091e+00
5.601102566130611998e-02 -7.280439054544796562e+00 9.838655486972985642e+00 -3.874206382929596959e+00
1.003100604005399167e-02 -6.780557009901205134e+00 1.008999011535717472e+01 -3.439663950782389623e+00
5.145250544919214436e-02 -7.443491661043956320e+00 9.740713915431598480e+00 -4.004645568593632632e+00
-1.407402113770929164e-01 -6.483456752335680306e+00 1.013862170636143389e+01 -3.110064965038584983e+00
1.922319762412823541e-01 -7.334259363559412215e+00 9.918730049386985215e+00 -3.996847475119562620e+00
2.136052049399699004e-01 -6.640850774254037248e+00 1.033686498489248606e+01 -3.443281343264219085e+00
-2.683102383580412975e-02 -6.979817807095724191e+00 9.944761256229242008e+00 -3.580987172588158796e+00
4.066246673224363506e-01 -6.929893058949699203e+00 1.032737013577926533e+01 -3.790717384919113808e+00
-2.435613607256894575e-01 -7.244569543629681085e+00 9.614890671857748927e+00 -3.671821739205493262e+00
1.339248219966026332e-01 -7.038497767153783613e+00 1.004205148252012947e+01 -3.721772084954418691e+00
1.561353245171202275e-01 -6.691131883353090615e+00 1.026090633292663945e+01 -3.451108237896125974e+00
4.601072369980402921e-01 -6.947128832011924437e+00 1.036105944842945448e+01 -3.835689457867956786e+00
4.180705615573376832e-01 -7.163703017564640341e+00 1.020160269307401357e+01 -3.988152578331379150e+00
4.261871446168198352e-01 -6.801424721919590688e+00 1.041757221689901769e+01 -3.697173872590143962e+00
4.450949267607172688e-01 -6.968929333047114483e+00 1.033620975199226599e+01 -3.844806688315108634e+00
3.232071194297291838e-01 -6.556112927626103648e+00 1.047528163800012102e+01 -3.437457903263652081e+00
2.174955032027677815e-01 -7.128532611437671918e+00 1.005822933565146116e+01 -3.843544861101419574e+00
4.779986357739102742e-01 -6.684463958765694436e+00 1.052744419117261820e+01 -3.631657462411590043e+00
3.798098349812254471e-01 -6.943369294242569545e+00 1.029769819782193352e+01 -3.786220691799456528e+00
7.286199144509349912e-01 -6.874958082430583595e+00 1.062190715581488298e+01 -3.931950294140146962e+00
2.593052113946907045e-01 -6.669157796102147095e+00 1.035780504962856874e+01 -3.492791865021918074e+00
7.301155528614714507e-01 -6.779241709174132602e+00 1.067843823860746610e+01 -3.854696829998263130e+00
5.234977676110376121e-01 -7.011056154985521260e+00 1.037585395233113061e+01 -3.924493650608340989e+00
9.464685693100334252e-01 -6.670671996829964812e+00 1.091774990411357038e+01 -3.891110246723168853e+00
7.117071419120898357e-01 -6.455841210240020445e+00 1.085029388649653903e+01 -3.580120085547570330e+00
7.746191639432705722e-01 -7.005348328319083606e+00 1.058410187470914465e+01 -4.064947692224611941e+00
8.364346367106528790e-01 -6.408001919833753668e+00 1.097973298222453309e+01 -3.613151376203858067e+00
9.486302555573795647e-01 -6.850834159327576778e+00 1.081540605829332335e+01 -4.039396506727154446e+00
8.965033053476700875e-01 -6.744359976344261653e+00 1.083439021320785756e+01 -3.922376968006857201e+00
6.094316503374465066e-01 -6.639471567292259735e+00 1.066071081138764498e+01 -3.670887050023765585e+00
1.050052156077267984e+00 -7.094672355404198605e+00 1.075727652304617976e+01 -4.297009442937504531e+00
6.800392575057866429e-01 -7.020949206294625711e+00 1.049789657151400490e+01 -4.023026435130326206e+00
9.314736652295431130e-01 -6.619626434819062766e+00 1.093500906643277659e+01 -3.840785125109493325e+00
8.209372953837580367e-01 -6.918207902633720430e+00 1.067225860225430978e+01 -4.020594400607283347e+00
8.875103418978691483e-01 -6.967669861214450755e+00 1.069800939811781504e+01 -4.099431906790622193e+00
1.140324485434208945e+00 -6.727745400456122127e+00 1.104298270288704487e+01 -4.049711115980496601e+00
8.632596809691872597e-01 -6.879542121333730442e+00 1.072914280855939140e+01 -4.013494116231180797e+00
1.267967001057685339e+00 -6.555084626571363593e+00 1.124692990260102121e+01 -3.982555368929331596e+00
1.092662113802107982e+00 -6.834653928850470628e+00 1.094230574152142310e+01 -4.109421119859467453e+00
8.714920189495967140e-01 -6.386750262921362165e+00 1.102062506165715128e+01 -3.616065275763868936e+00
1.140047387951195423e+00 -6.166599278674967266e+00 1.136701911807951682e+01 -3.591578549573940737e+00
1.115267319581663585e+00 -6.712734241382697142e+00 1.103120692065532182e+01 -4.022980470456667845e+00
1.345606851210478183e+00 -6.740062517727487545e+00 1.120340381805195840e+01 -4.178387558602384644e+00
1.338716143866664376e+00 -7.023054748093731980e+00 1.103425083480800417e+01 -4.405366307728883157e+00
1.115216613106316590e+00 -6.447128296718297236e+00 1.118464795740063700e+01 -3.806180173743914263e+00
1.258827333342067423e+00 -6.755748728821674653e+00 1.112351539479205087e+01 -4.141043459081698686e+00
1.184772216239590392e+00 -6.166565553651123466e+00 1.140354021991771560e+01 -3.617395608339947888e+00
1.251069978573832397e+00 -5.973864093046678647e+00 1.156900232413700813e+01 -3.498435370121716570e+00
1.459243429715701090e+00 -5.860937525887533361e+00 1.180415598069897065e+01 -3.526566369680982138e+00
1.460595579572552927e+00 -6.500859940382447633e+00 1.143547547479478155e+01 -4.049612456989230225e+00
1.424658741146560770e+00 -5.910444958346507072e+00 1.174732186900640940e+01 -3.546986220322497996e+00
1.519534637551106071e+00 -5.398321613578128009e+00 1.212068803385390225e+01 -3.183847868007028570e+00
1.491108120222616407e+00 -5.966627685994314589e+00 1.176908808757791824e+01 -3.631237336603758248e+00
1.300230415264153505e+00 -5.915167635162492665e+00 1.164304220017741720e+01 -3.478938717597400032e+00
1.541318975184845508e+00 -6.049652776544226285e+00 1.176209037215325814e+01 -3.728011959288088928e+00
1.331661905080924857e+00 -6.054535897964115065e+00 1.158815960727210381e+01 -3.610845321770328464e+00
1.692590831761936254e+00 -6.160239873910798636e+00 1.182164542325532253e+01 -3.905679842104523569e+00
1.674257703571343958e+00 -5.856149582160260714e+00 1.198240396178427503e+01 -3.646906386324732185e+00
1.556789211444105980e+00 -5.850834425028552666e+00 1.188960491378255391e+01 -3.574688422991804782e+00
1.457897909533514502e+00 -5.706388352839038447e+00 1.189236526908831593e+01 -3.399655460944263741e+00
1.651531306272950417e+00 -5.911028105435531366e+00 1.193214412157243665e+01 -3.678562190104124330e+00
1.725034723328822350e+00 -5.759405753375430592e+00 1.207974915539596239e+01 -3.597291999055484357e+00
1.483628581453826367e+00 -5.084073431003728771e+00 1.227297446001066028e+01 -2.906629525316332785e+00
1.710551018099420117e+00 -5.436837239953061562e+00 1.225432713398177498e+01 -3.325662190379078620e+00
1.554955500188248907e+00 -5.867504285592461066e+00 1.187847554707303210e+01 -3.587233698789290326e+00
1.767740476464787935e+00 -5.565315581856157934e+00 1.222675941127322119e+01 -3.463565559268157568e+00
1.881443483619026580e+00 -5.281560539164346757e+00 1.248352672439367872e+01 -3.297686552151979367e+00
1.920430866871561948e+00 -5.719257677932687578e+00 1.226241916459680326e+01 -3.677436796838593924e+00
1.728185205828109305e+00 -5.918227780418436446e+00 1.199054386334367628e+01 -3.728733155790708853e+00
1.976412255483888769e+00 -5.435699235139450636e+00 1.247196408831459635e+01 -3.478363364923647172e+00
2.216340639342430308e+00 -4.949115234883360692e+00 1.294895493575974044e+01 -3.219888317501748087e+00
1.955231894972946360e+00 -5.228419805386534946e+00 1.257445599879075360e+01 -3.296955597843473473e+00
1.885768970014506829e+00 -4.781537223554480853e+00 1.277599920173109105e+01 -2.892098243659046997e+00
2.043815593413033316e+00 -4.763771124670910240e+00 1.291525326776729443e+01 -2.968927108869990672e+00
2.047732903861086307e+00 -4.922178763875923124e+00 1.282691327000075532e+01 -3.100473185490542516e+00
2.049169166422416311e+00 -5.559595106376512774e+00 1.245974956444566928e+01 -3.621522578408364890e+00
2.119258990014226463e+00 -4.629607821541940282e+00 1.305435274728240458e+01 -2.903026935912507600e+00
1.834752802560886131e+00 -5.034051942344242470e+00 1.258844543424864781e+01 -3.068704916381992387e+00
2.219708269982821669e+00 -4.894611440504590405e+00 1.298319881885447202e+01 -3.177351733148892077e+00
1.958569765862546275e+00 -5.201642685187600534e+00 1.259265352376057834e+01 -3.277030597637791143e+00
1.760350380683343374e+00 -5.100798727791001852e+00 1.248915268208788198e+01 -3.080185470247571278e+00
2.398283326941153870e+00 -4.470520843272825395e+00 1.337400462052860206e+01 -2.934426413336594042e+00
2.050949344491168169e+00 -5.265822915534092985e+00 1.263096093499475181e+01 -3.382792740011451915e+00
2.092628880916538758e+00 -4.684917833264654163e+00 1.300065760224113376e+01 -2.932779104006925319e+00
2.210110698926905037e+00 -4.537895224514461034e+00 1.318149706549340294e+01 -2.880676190677970094e+00
2.230726719425677018e+00 -5.147797182984040099e+00 1.284588607795223680e+01 -3.390353229878164232e+00
2.235569445803439859e+00 -4.735355073809385473e+00 1.308817122639098862e+01 -3.056542127208976556e+00
2.402672891127173305e+00 -4.006582300433175980e+00 1.364567753309014719e+01 -2.558325272170753895e+00
2.368139697589028980e+00 -4.845993258435939310e+00 1.313243367366519543e+01 -3.223444839341679913e+00
2.321294089328155064e+00 -4.326630168829540324e+00 1.339431913298575871e+01 -2.772503007111298157e+00
2.234427086226608683e+00 -4.875495326613044966e+00 1.300625779023332207e+01 -3.170255734214120213e+00
2.567736119372855175e+00 -4.124952987770550195e+00 1.371199043422001296e+01 -2.750315084617532602e+00
2.376406610938460950e+00 -4.369075375752649038e+00 1.341477124711697932e+01 -2.838991326811493909e+00
2.576299878015107847e+00 -4.780441146422857557e+00 1.334020080938998731e+01 -3.290232243970914627e+00
2.308397036974494831e+00 -4.415317791474492992e+00 1.333254454482487183e+01 -2.837431649692052194e+00
2.523901055847876940e+00 -4.349892407846400744e+00 1.354623203219849081e+01 -2.908566175159022382e+00
2.300669506771300110e+00 -4.172123344530261235e+00 1.346676958232201926e+01 -2.634486107596540005e+00
2.244111897744417217e+00 -3.712907819908938034e+00 1.368597198372782486e+01 -2.227020810411610707e+00
2.531522666774236985e+00 -4.611772068939918867e+00 1.340112315653860087e+01 -3.126700216638777174e+00
2.326037927032080344e+00 -3.868379267493505136e+00 1.366299453447481227e+01 -2.401248483628896313e+00
2.358593872100140043e+00 -4.088496714668290011e+00 1.356236811991565716e+01 -2.599707307577311166e+00
2.602369703294132197e+00 -3.706525428718512760e+00 1.398204775918776122e+01 -2.428833905478314126e+00
2.368607782460980804e+00 -3.895462087380841432e+00 1.368208737973291278e+01 -2.447951106512815667e+00
2.472616902591266541e+00 -3.398309248050725540e+00 1.405425669107321873e+01 -2.102308449393130996e+00
2.580117456901098727e+00 -3.358682296554961866e+00 1.416489067045282901e+01 -2.132087419630545266e+00
2.582755589297645038e+00 -3.737108396655056453e+00 1.394836734226070263e+01 -2.442459649909146879e+00
2.677791633502880853e+00 -3.991975293548631232e+00 1.387865305077619915e+01 -2.705383407666321016e+00
2.372564848788526248e+00 -3.031222581822159867e+00 1.418472427788977797e+01 -1.744899380141647249e+00
2.776013602814781045e+00 -4.084009901306985491e+00 1.390563279230302918e+01 -2.837254624495041622e+00
2.499881668789623923e+00 -3.719956625523785032e+00 1.389064210221667750e+01 -2.380572117924352415e+00
2.669106126648763233e+00 -3.112483133095000465e+00 1.437978573264730642e+01 -1.982577808982014300e+00
2.769285043138314251e+00 -3.163823306446170491e+00 1.443187820151978507e+01 -2.082367605031100855e+00
2.745596753046112948e+00 -3.008484056548220043e+00 1.450230926745036264e+01 -1.941900944936140849e+00
2.605811096456494447e+00 -2.942877139636788542e+00 1.442613639570310369e+01 -1.807580466435691147e+00
2.640511152641698445e+00 -3.121566370692124615e+00 1.435119948137319135e+01 -1.973467156875626127e+00
2.830267434500672863e+00 -2.909195163934240380e+00 1.462878703697671412e+01 -1.909795146236704877e+00
2.573267106856550690e+00 -3.207991025960601927e+00 1.424637794191725426e+01 -2.005144082198608846e+00
2.526278858144444861e+00 -2.957032428249704914e+00 1.435304740494310316e+01 -1.773174819278221737e+00
2.823041902037815021e+00 -2.412869793837588706e+00 1.490969540761074619e+01 -1.500550025766486772e+00
2.834287315999494794e+00 -2.163391335959698125e+00 1.506303624166506516e+01 -1.303439526574215801e+00
2.709833294452081986e+00 -2.873790299673808946e+00 1.455095517890723400e+01 -1.811306119578932172e+00
2.727946136824972889e+00 -3.036237115994235847e+00 1.447186661906336269e+01 -1.954351716831311148e+00
2.880786925239545937e+00 -2.142815587141616351e+00 1.511287617402183692e+01 -1.313517038249949032e+00
2.752336236256839985e+00 -2.519247410519882546e+00 1.479051873907163994e+01 -1.546510989425396776e+00
2.875210511707237515e+00 -2.331808473029687967e+00 1.499911407325562429e+01 -1.464538863604574637e+00
2.594324724928972703e+00 -2.586787263259264336e+00 1.462253118615639913e+01 -1.510324645513315911e+00
2.713399477023089812e+00 -2.868222733793249546e+00 1.455708293494986094e+01 -1.808822965567160157e+00
2.740894678238980919e+00 -1.592344383855220036e+00 1.531679883450650337e+01 -7.834189954698467240e-01
2.855102206213022242e+00 -1.715233010667913671e+00 1.533899576120251673e+01 -9.497087140068107836e-01
2.880659815975719962e+00 -1.801728184180044323e+00 1.530987239175609460e+01 -1.035069336132959705e+00
3.022773986190586903e+00 -1.645435796638229586e+00 1.551617185592563786e+01 -9.896350004083043217e-01
2.922585121812850240e+00 -1.901478794727816668e+00 1.528644755898344343e+01 -1.140706416667039313e+00
2.653077675863574569e+00 -1.754033497750355330e+00 1.515169479057565916e+01 -8.646338348532860429e-01
3.238202409059865783e+00 -1.807274988161166052e+00 1.559847107905534891e+01 -1.246205004822281914e+00
3.004396527240821513e+00 -1.488962726559118988e+00 1.559159247742248766e+01 -8.513118913105781616e-01
3.119264215772077797e+00 -1.817324005648094598e+00 1.549559424724458090e+01 -1.185677043914989959e+00
2.822824584210675170e+00 -1.567980480575860369e+00 1.539774377779145809e+01 -8.108785189932508075e-01
3.022467165941910672e+00 -1.094798679998827406e+00 1.583411130450592275e+01 -5.400620526055219806e-01
2.913790836954322394e+00 -1.155778946536407226e+00 1.571017855531155583e+01 -5.270308950844602158e-01
3.085648565193947146e+00 -1.357281151690252319e+00 1.573399852189545456e+01 -7.907937177670527618e-01
2.815691467868952635e+00 -1.106305890464952313e+00 1.565870435529028093e+01 -4.299666059552098574e-01
2.686587532562750624e+00 -8.928761471436570396e-01 1.567666978510803588e+01 -1.811748762349369990e-01
2.947078874455669961e+00 -6.737890742325067794e-01 1.601586769660284304e+01 -1.528965885302282501e-01
2.928456529583078449e+00 -8.157910813585124155e-01 1.591861235844136147e+01 -2.580287004440662280e-01
3.091140184689767700e+00 -1.211571568657729525e+00 1.582267983249749577e+01 -6.750480240151777167e-01
3.010074876627899521e+00 -1.350954079958445631e+00 1.567597614047593879e+01 -7.419591245509167265e-01
2.996840048791808542e+00 -4.496062047950207807e-01 1.618602544186572345e+01 1.312604281322293787e-03
3.133263555907956910e+00 -9.419488811016349938e-01 1.601286182488062337e+01 -4.793401247853781300e-01
2.796784233863207181e+00 -9.133587199463117923e-01 1.575476944448116967e+01 -2.615694778691177724e-01
2.934363726475577305e+00 -8.938802596989463556e-01 1.587830901679147289e+01 -3.251737330292328032e-01
2.868215094999170933e+00 -2.540461959279602389e-01 1.619405562420156386e+01 2.352433888691913833e-01
2.838523167785520940e+00 -7.650699957808693163e-01 1.587452392729414541e+01 -1.646646370933204651e-01
3.027428037378907977e+00 -1.231809592524797825e+00 1.575898725773833853e+01 -6.547484859526062628e-01
2.825220533320762506e+00 1.493270124433832557e-01 1.639205843017621334e+01 5.892961623251773418e-01
2.955321299147746661e+00 -3.372531477083090534e-01 1.621706450024842638e+01 1.170000835669009476e-01
3.101538795805107274e+00 -1.062054998858740773e-01 1.646991074048798964e+01 2.210738587926670551e-01
2.796450109437345510e+00 -1.519563129593476114e-01 1.619447893907883085e+01 3.600327239974336901e-01
3.072737555251114916e+00 7.437731555068077816e-02 1.655075612216358749e+01 3.850972990387753203e-01
2.909062606185995215e+00 -1.800875810164775936e-02 1.636378884663023214e+01 4.042783687690569838e-01
